19
11
0, 23, 8, 2, 23, 12, 19, 17, 7, 9, 1
23, 0, 10, 24, 19, 2, 10, 10, 26, 21, 24
8, 10, 0, 8, 0, 27, 22, 3, 2, 7, 7
2, 24, 8, 0, 5, 23, 3, 9, 7, 2, 11
23, 19, 0, 5, 0, 7, 19, 18, 20, 13, 23
12, 2, 27, 23, 7, 0, 9, 26, 3, 6, 28
19, 10, 22, 3, 19, 9, 0, 25, 19, 5, 4
17, 10, 3, 9, 18, 26, 25, 0, 19, 5, 28
7, 26, 2, 7, 20, 3, 19, 19, 0, 8, 20
9, 21, 7, 2, 13, 6, 5, 5, 8, 0, 24
1, 24, 7, 11, 23, 28, 4, 28, 20, 24, 0
18
0, 0, 13, 16, 11, 18, 13, 29, 15, 12, 8, 15, 25, 15, 16, 20, 13, 15
0, 0, 22, 9, 13, 13, 15, 15, 14, 26, 17, 15, 18, 22, 2, 18, 27, 14
13, 22, 0, 14, 27, 28, 4, 4, 21, 16, 8, 8, 23, 21, 28, 4, 25, 22
16, 9, 14, 0, 18, 1, 23, 9, 18, 27, 7, 22, 10, 11, 15, 0, 7, 11
11, 13, 27, 18, 0, 25, 6, 1, 18, 8, 27, 19, 16, 20, 9, 14, 2, 9
18, 13, 28, 1, 25, 0, 5, 17, 23, 24, 24, 8, 12, 21, 24, 16, 9, 12
13, 15, 4, 23, 6, 5, 0, 5, 5, 21, 24, 2, 22, 8, 23, 4, 17, 24
29, 15, 4, 9, 1, 17, 5, 0, 22, 27, 29, 0, 25, 27, 19, 26, 15, 25
15, 14, 21, 18, 18, 23, 5, 22, 0, 11, 11, 7, 22, 16, 20, 24, 16, 8
12, 26, 16, 27, 8, 24, 21, 27, 11, 0, 5, 24, 22, 20, 25, 13, 25, 26
8, 17, 8, 7, 27, 24, 24, 29, 11, 5, 0, 28, 7, 20, 6, 18, 13, 12
15, 15, 8, 22, 19, 8, 2, 0, 7, 24, 28, 0, 21, 19, 3, 4, 10, 15
25, 18, 23, 10, 16, 12, 22, 25, 22, 22, 7, 21, 0, 5, 26, 10, 14, 1
15, 22, 21, 11, 20, 21, 8, 27, 16, 20, 20, 19, 5, 0, 23, 20, 8, 23
16, 2, 28, 15, 9, 24, 23, 19, 20, 25, 6, 3, 26, 23, 0, 9, 25, 29
20, 18, 4, 0, 14, 16, 4, 26, 24, 13, 18, 4, 10, 20, 9, 0, 15, 7
13, 27, 25, 7, 2, 9, 17, 15, 16, 25, 13, 10, 14, 8, 25, 15, 0, 3
15, 14, 22, 11, 9, 12, 24, 25, 8, 26, 12, 15, 1, 23, 29, 7, 3, 0
9
0, 5, 20, 21, 1, 5, 21, 4, 20
5, 0, 2, 18, 15, 6, 6, 5, 25
20, 2, 0, 7, 25, 27, 1, 9, 15
21, 18, 7, 0, 8, 19, 22, 7, 6
1, 15, 25, 8, 0, 4, 20, 15, 3
5, 6, 27, 19, 4, 0, 14, 13, 22
21, 6, 1, 22, 20, 14, 0, 29, 26
4, 5, 9, 7, 15, 13, 29, 0, 28
20, 25, 15, 6, 3, 22, 26, 28, 0
5
0, 344642, 231659, 224957, 149463
344642, 0, 43441, 252262, 216245
231659, 43441, 0, 313256, 211400
224957, 252262, 313256, 0, 116627
149463, 216245, 211400, 116627, 0
11
0, 21, 24, 18, 9, 4, 19, 27, 24, 11, 17
21, 0, 8, 17, 3, 29, 13, 15, 20, 28, 27
24, 8, 0, 21, 11, 25, 4, 20, 0, 15, 23
18, 17, 21, 0, 21, 29, 10, 26, 16, 8, 2
9, 3, 11, 21, 0, 0, 27, 14, 2, 29, 15
4, 29, 25, 29, 0, 0, 15, 27, 4, 9, 6
19, 13, 4, 10, 27, 15, 0, 18, 27, 19, 23
27, 15, 20, 26, 14, 27, 18, 0, 14, 3, 4
24, 20, 0, 16, 2, 4, 27, 14, 0, 13, 10
11, 28, 15, 8, 29, 9, 19, 3, 13, 0, 26
17, 27, 23, 2, 15, 6, 23, 4, 10, 26, 0
2
0, 24
24, 0
16
0, 20, 19, 4, 29, 13, 1, 1, 24, 5, 3, 6, 20, 15, 26, 26
20, 0, 2, 19, 11, 10, 9, 26, 20, 0, 28, 20, 20, 4, 4, 11
19, 2, 0, 22, 0, 0, 8, 24, 8, 28, 17, 23, 29, 5, 20, 1
4, 19, 22, 0, 19, 13, 6, 24, 21, 14, 28, 3, 27, 23, 18, 28
29, 11, 0, 19, 0, 20, 29, 8, 20, 29, 0, 5, 11, 20, 22, 21
13, 10, 0, 13, 20, 0, 0, 6, 23, 3, 24, 20, 27, 1, 0, 11
1, 9, 8, 6, 29, 0, 0, 21, 21, 20, 15, 2, 14, 29, 6, 15
1, 26, 24, 24, 8, 6, 21, 0, 21, 5, 7, 23, 5, 4, 10, 0
24, 20, 8, 21, 20, 23, 21, 21, 0, 2, 1, 2, 11, 25, 17, 10
5, 0, 28, 14, 29, 3, 20, 5, 2, 0, 0, 17, 27, 19, 12, 8
3, 28, 17, 28, 0, 24, 15, 7, 1, 0, 0, 21, 8, 13, 19, 3
6, 20, 23, 3, 5, 20, 2, 23, 2, 17, 21, 0, 2, 29, 8, 17
20, 20, 29, 27, 11, 27, 14, 5, 11, 27, 8, 2, 0, 16, 21, 10
15, 4, 5, 23, 20, 1, 29, 4, 25, 19, 13, 29, 16, 0, 21, 1
26, 4, 20, 18, 22, 0, 6, 10, 17, 12, 19, 8, 21, 21, 0, 23
26, 11, 1, 28, 21, 11, 15, 0, 10, 8, 3, 17, 10, 1, 23, 0
16
0, 13, 7, 5, 26, 11, 18, 5, 27, 16, 21, 15, 3, 2, 5, 29
13, 0, 7, 11, 26, 7, 16, 3, 6, 6, 14, 18, 8, 20, 29, 16
7, 7, 0, 22, 25, 1, 21, 1, 8, 16, 28, 28, 15, 27, 28, 17
5, 11, 22, 0, 24, 13, 5, 0, 5, 27, 28, 29, 1, 17, 23, 28
26, 26, 25, 24, 0, 24, 10, 21, 4, 20, 4, 24, 12, 19, 0, 19
11, 7, 1, 13, 24, 0, 16, 19, 17, 4, 25, 17, 24, 27, 9, 27
18, 16, 21, 5, 10, 16, 0, 5, 9, 21, 17, 0, 16, 15, 20, 15
5, 3, 1, 0, 21, 19, 5, 0, 26, 0, 9, 4, 7, 3, 7, 15
27, 6, 8, 5, 4, 17, 9, 26, 0, 8, 8, 10, 15, 19, 26, 2
16, 6, 16, 27, 20, 4, 21, 0, 8, 0, 4, 26, 25, 9, 8, 14
21, 14, 28, 28, 4, 25, 17, 9, 8, 4, 0, 15, 0, 4, 23, 9
15, 18, 28, 29, 24, 17, 0, 4, 10, 26, 15, 0, 15, 19, 8, 14
3, 8, 15, 1, 12, 24, 16, 7, 15, 25, 0, 15, 0, 21, 26, 24
2, 20, 27, 17, 19, 27, 15, 3, 19, 9, 4, 19, 21, 0, 1, 27
5, 29, 28, 23, 0, 9, 20, 7, 26, 8, 23, 8, 26, 1, 0, 19
29, 16, 17, 28, 19, 27, 15, 15, 2, 14, 9, 14, 24, 27, 19, 0
17
0, 5, 6, 25, 3, 14, 17, 20, 7, 6, 2, 12, 29, 3, 11, 1, 5
5, 0, 21, 29, 28, 3, 14, 13, 10, 8, 16, 13, 14, 29, 17, 0, 2
6, 21, 0, 11, 28, 29, 25, 2, 29, 22, 21, 17, 19, 25, 3, 22, 22
25, 29, 11, 0, 29, 25, 11, 12, 25, 29, 7, 2, 16, 3, 28, 4, 12
3, 28, 28, 29, 0, 11, 4, 1, 7, 9, 26, 4, 5, 11, 27, 20, 14
14, 3, 29, 25, 11, 0, 6, 4, 12, 8, 25, 1, 1, 1, 0, 4, 19
17, 14, 25, 11, 4, 6, 0, 17, 19, 23, 10, 8, 3, 22, 23, 3, 27
20, 13, 2, 12, 1, 4, 17, 0, 27, 17, 24, 2, 12, 26, 6, 21, 27
7, 10, 29, 25, 7, 12, 19, 27, 0, 21, 25, 16, 16, 19, 29, 7, 2
6, 8, 22, 29, 9, 8, 23, 17, 21, 0, 1, 10, 9, 1, 21, 9, 20
2, 16, 21, 7, 26, 25, 10, 24, 25, 1, 0, 23, 20, 29, 14, 14, 19
12, 13, 17, 2, 4, 1, 8, 2, 16, 10, 23, 0, 10, 20, 11, 17, 0
29, 14, 19, 16, 5, 1, 3, 12, 16, 9, 20, 10, 0, 16, 4, 10, 27
3, 29, 25, 3, 11, 1, 22, 26, 19, 1, 29, 20, 16, 0, 6, 11, 11
11, 17, 3, 28, 27, 0, 23, 6, 29, 21, 14, 11, 4, 6, 0, 1, 26
1, 0, 22, 4, 20, 4, 3, 21, 7, 9, 14, 17, 10, 11, 1, 0, 0
5, 2, 22, 12, 14, 19, 27, 27, 2, 20, 19, 0, 27, 11, 26, 0, 0
21
0, 2, 19, 10, 4, 11, 15, 13, 8, 0, 16, 21, 21, 18, 24, 20, 9, 13, 4, 11, 19
2, 0, 26, 22, 4, 5, 11, 7, 0, 5, 4, 4, 20, 13, 0, 15, 28, 29, 9, 2, 27
19, 26, 0, 18, 18, 21, 27, 29, 9, 15, 20, 28, 24, 5, 10, 3, 20, 0, 6, 18, 4
10, 22, 18, 0, 0, 21, 20, 26, 22, 14, 10, 21, 19, 0, 18, 15, 7, 13, 24, 3, 29
4, 4, 18, 0, 0, 11, 18, 3, 4, 14, 0, 8, 20, 20, 7, 5, 25, 8, 12, 9, 4
11, 5, 21, 21, 11, 0, 15, 21, 3, 3, 18, 5, 10, 6, 3, 4, 8, 3, 28, 29, 21
15, 11, 27, 20, 18, 15, 0, 5, 13, 18, 21, 13, 10, 27, 28, 15, 14, 21, 14, 29, 29
13, 7, 29, 26, 3, 21, 5, 0, 9, 2, 27, 21, 13, 0, 24, 1, 12, 20, 4, 26, 16
8, 0, 9, 22, 4, 3, 13, 9, 0, 22, 16, 19, 12, 7, 25, 1, 25, 0, 19, 11, 17
0, 5, 15, 14, 14, 3, 18, 2, 22, 0, 17, 3, 18, 13, 2, 26, 20, 8, 28, 7, 10
16, 4, 20, 10, 0, 18, 21, 27, 16, 17, 0, 9, 22, 3, 29, 11, 17, 0, 11, 23, 29
21, 4, 28, 21, 8, 5, 13, 21, 19, 3, 9, 0, 4, 12, 10, 9, 0, 24, 10, 29, 7
21, 20, 24, 19, 20, 10, 10, 13, 12, 18, 22, 4, 0, 11, 19, 13, 17, 27, 23, 28, 13
18, 13, 5, 0, 20, 6, 27, 0, 7, 13, 3, 12, 11, 0, 28, 14, 26, 6, 17, 4, 11
24, 0, 10, 18, 7, 3, 28, 24, 25, 2, 29, 10, 19, 28, 0, 27, 28, 11, 24, 0, 5
20, 15, 3, 15, 5, 4, 15, 1, 1, 26, 11, 9, 13, 14, 27, 0, 22, 26, 23, 6, 16
9, 28, 20, 7, 25, 8, 14, 12, 25, 20, 17, 0, 17, 26, 28, 22, 0, 1, 14, 13, 4
13, 29, 0, 13, 8, 3, 21, 20, 0, 8, 0, 24, 27, 6, 11, 26, 1, 0, 28, 4, 15
4, 9, 6, 24, 12, 28, 14, 4, 19, 28, 11, 10, 23, 17, 24, 23, 14, 28, 0, 26, 1
11, 2, 18, 3, 9, 29, 29, 26, 11, 7, 23, 29, 28, 4, 0, 6, 13, 4, 26, 0, 2
19, 27, 4, 29, 4, 21, 29, 16, 17, 10, 29, 7, 13, 11, 5, 16, 4, 15, 1, 2, 0
10
0, 28, 20, 27, 20, 22, 3, 22, 2, 18
28, 0, 27, 19, 1, 1, 18, 24, 12, 11
20, 27, 0, 6, 22, 21, 0, 10, 13, 10
27, 19, 6, 0, 23, 10, 20, 12, 1, 6
20, 1, 22, 23, 0, 21, 9, 29, 3, 20
22, 1, 21, 10, 21, 0, 24, 27, 2, 4
3, 18, 0, 20, 9, 24, 0, 29, 1, 29
22, 24, 10, 12, 29, 27, 29, 0, 26, 9
2, 12, 13, 1, 3, 2, 1, 26, 0, 4
18, 11, 10, 6, 20, 4, 29, 9, 4, 0
20
0, 5, 19, 17, 17, 27, 4, 23, 17, 0, 17, 19, 7, 1, 28, 10, 21, 13, 4, 20
5, 0, 28, 22, 29, 23, 5, 10, 26, 27, 14, 13, 13, 3, 2, 10, 12, 8, 18, 16
19, 28, 0, 26, 11, 10, 29, 6, 7, 15, 22, 4, 21, 26, 3, 7, 23, 16, 27, 24
17, 22, 26, 0, 6, 21, 23, 21, 21, 18, 1, 2, 24, 14, 11, 21, 4, 15, 2, 25
17, 29, 11, 6, 0, 27, 13, 16, 15, 18, 7, 19, 15, 20, 15, 3, 24, 4, 11, 19
27, 23, 10, 21, 27, 0, 11, 21, 5, 5, 21, 7, 22, 11, 28, 3, 25, 6, 26, 20
4, 5, 29, 23, 13, 11, 0, 21, 3, 5, 11, 13, 6, 16, 21, 7, 11, 7, 23, 3
23, 10, 6, 21, 16, 21, 21, 0, 8, 21, 29, 12, 22, 24, 17, 12, 21, 2, 28, 21
17, 26, 7, 21, 15, 5, 3, 8, 0, 19, 7, 5, 20, 15, 5, 0, 11, 12, 23, 20
0, 27, 15, 18, 18, 5, 5, 21, 19, 0, 25, 4, 5, 20, 26, 0, 26, 11, 14, 24
17, 14, 22, 1, 7, 21, 11, 29, 7, 25, 0, 21, 27, 13, 18, 22, 3, 6, 9, 19
19, 13, 4, 2, 19, 7, 13, 12, 5, 4, 21, 0, 0, 8, 21, 13, 14, 9, 5, 2
7, 13, 21, 24, 15, 22, 6, 22, 20, 5, 27, 0, 0, 20, 7, 16, 0, 28, 29, 22
1, 3, 26, 14, 20, 11, 16, 24, 15, 20, 13, 8, 20, 0, 5, 15, 22, 5, 14, 12
28, 2, 3, 11, 15, 28, 21, 17, 5, 26, 18, 21, 7, 5, 0, 17, 1, 26, 24, 11
10, 10, 7, 21, 3, 3, 7, 12, 0, 0, 22, 13, 16, 15, 17, 0, 8, 27, 0, 10
21, 12, 23, 4, 24, 25, 11, 21, 11, 26, 3, 14, 0, 22, 1, 8, 0, 3, 6, 27
13, 8, 16, 15, 4, 6, 7, 2, 12, 11, 6, 9, 28, 5, 26, 27, 3, 0, 16, 1
4, 18, 27, 2, 11, 26, 23, 28, 23, 14, 9, 5, 29, 14, 24, 0, 6, 16, 0, 26
20, 16, 24, 25, 19, 20, 3, 21, 20, 24, 19, 2, 22, 12, 11, 10, 27, 1, 26, 0
22
0, 17, 41, 51, 31, 11, 17, 61, 66, 78, 30, 69, 20, 64, 2, 16, 61, 61, 61, 1, 49, 92
17, 0, 64, 35, 75, 67, 9, 92, 73, 58, 41, 66, 11, 75, 35, 20, 36, 84, 7, 47, 19, 25
41, 64, 0, 25, 17, 82, 20, 91, 38, 51, 78, 24, 89, 96, 28, 99, 45, 80, 17, 11, 65, 98
51, 35, 25, 0, 82, 88, 73, 90, 7, 10, 98, 86, 4, 44, 35, 11, 52, 64, 77, 16, 53, 53
31, 75, 17, 82, 0, 44, 69, 44, 73, 95, 32, 58, 36, 70, 84, 16, 52, 41, 15, 2, 11, 92
11, 67, 82, 88, 44, 0, 38, 10, 38, 97, 34, 71, 83, 81, 37, 64, 97, 91, 49, 31, 66, 46
17, 9, 20, 73, 69, 38, 0, 68, 30, 90, 13, 21, 80, 7, 8, 19, 87, 16, 32, 47, 68, 17
61, 92, 91, 90, 44, 10, 68, 0, 62, 62, 91, 87, 69, 23, 14, 64, 57, 34, 72, 38, 72, 2
66, 73, 38, 7, 73, 38, 30, 62, 0, 23, 64, 11, 72, 13, 65, 44, 52, 85, 55, 7, 24, 34
78, 58, 51, 10, 95, 97, 90, 62, 23, 0, 83, 18, 43, 92, 60, 45, 75, 35, 93, 65, 86, 56
30, 41, 78, 98, 32, 34, 13, 91, 64, 83, 0, 75, 59, 45, 4, 69, 68, 87, 52, 58, 25, 16
69, 66, 24, 86, 58, 71, 21, 87, 11, 18, 75, 0, 51, 80, 28, 73, 30, 14, 73, 15, 37, 33
20, 11, 89, 4, 36, 83, 80, 69, 72, 43, 59, 51, 0, 82, 42, 16, 47, 51, 97, 5, 24, 7
64, 75, 96, 44, 70, 81, 7, 23, 13, 92, 45, 80, 82, 0, 83, 49, 20, 31, 23, 65, 36, 67
2, 35, 28, 35, 84, 37, 8, 14, 65, 60, 4, 28, 42, 83, 0, 3, 6, 75, 94, 41, 14, 53
16, 20, 99, 11, 16, 64, 19, 64, 44, 45, 69, 73, 16, 49, 3, 0, 5, 51, 94, 27, 28, 14
61, 36, 45, 52, 52, 97, 87, 57, 52, 75, 68, 30, 47, 20, 6, 5, 0, 93, 46, 13, 9, 6
61, 84, 80, 64, 41, 91, 16, 34, 85, 35, 87, 14, 51, 31, 75, 51, 93, 0, 93, 81, 55, 77
61, 7, 17, 77, 15, 49, 32, 72, 55, 93, 52, 73, 97, 23, 94, 94, 46, 93, 0, 12, 89, 61
1, 47, 11, 16, 2, 31, 47, 38, 7, 65, 58, 15, 5, 65, 41, 27, 13, 81, 12, 0, 73, 19
49, 19, 65, 53, 11, 66, 68, 72, 24, 86, 25, 37, 24, 36, 14, 28, 9, 55, 89, 73, 0, 8
92, 25, 98, 53, 92, 46, 17, 2, 34, 56, 16, 33, 7, 67, 53, 14, 6, 77, 61, 19, 8, 0
24
0, 4, 10, 2, 0, 3, 14, 11, 8, 16, 15, 15, 1, 5, 17, 9, 3, 16, 19, 13, 16, 6, 14, 0
4, 0, 3, 11, 17, 11, 5, 4, 3, 11, 4, 4, 2, 5, 7, 14, 11, 12, 1, 17, 1, 16, 13, 17
10, 3, 0, 19, 3, 17, 6, 16, 9, 1, 10, 17, 0, 11, 8, 14, 9, 17, 18, 0, 2, 2, 10, 14
2, 11, 19, 0, 0, 17, 17, 18, 0, 18, 19, 6, 1, 6, 15, 4, 16, 13, 14, 6, 12, 10, 18, 1
0, 17, 3, 0, 0, 3, 11, 17, 13, 13, 9, 5, 12, 19, 10, 10, 11, 6, 17, 7, 10, 1, 7, 2
3, 11, 17, 17, 3, 0, 2, 12, 4, 2, 13, 19, 15, 1, 16, 3, 13, 9, 15, 7, 14, 14, 6, 1
14, 5, 6, 17, 11, 2, 0, 6, 19, 7, 2, 4, 10, 8, 19, 17, 0, 15, 6, 19, 17, 7, 4, 18
11, 4, 16, 18, 17, 12, 6, 0, 7, 16, 8, 15, 14, 18, 4, 19, 7, 10, 11, 10, 13, 14, 11, 12
8, 3, 9, 0, 13, 4, 19, 7, 0, 13, 6, 19, 8, 11, 18, 11, 15, 6, 17, 18, 8, 4, 7, 13
16, 11, 1, 18, 13, 2, 7, 16, 13, 0, 6, 6, 12, 7, 12, 6, 5, 13, 16, 1, 6, 2, 1, 12
15, 4, 10, 19, 9, 13, 2, 8, 6, 6, 0, 4, 13, 19, 17, 15, 10, 5, 3, 16, 10, 17, 11, 1
15, 4, 17, 6, 5, 19, 4, 15, 19, 6, 4, 0, 15, 4, 0, 17, 3, 18, 14, 6, 8, 8, 17, 16
1, 2, 0, 1, 12, 15, 10, 14, 8, 12, 13, 15, 0, 4, 3, 3, 0, 2, 8, 7, 4, 17, 11, 11
5, 5, 11, 6, 19, 1, 8, 18, 11, 7, 19, 4, 4, 0, 1, 7, 4, 14, 14, 12, 1, 3, 15, 16
17, 7, 8, 15, 10, 16, 19, 4, 18, 12, 17, 0, 3, 1, 0, 8, 13, 1, 3, 11, 3, 0, 19, 1
9, 14, 14, 4, 10, 3, 17, 19, 11, 6, 15, 17, 3, 7, 8, 0, 10, 7, 7, 14, 8, 3, 14, 3
3, 11, 9, 16, 11, 13, 0, 7, 15, 5, 10, 3, 0, 4, 13, 10, 0, 7, 18, 6, 15, 7, 1, 14
16, 12, 17, 13, 6, 9, 15, 10, 6, 13, 5, 18, 2, 14, 1, 7, 7, 0, 9, 0, 16, 10, 12, 7
19, 1, 18, 14, 17, 15, 6, 11, 17, 16, 3, 14, 8, 14, 3, 7, 18, 9, 0, 17, 5, 11, 10, 12
13, 17, 0, 6, 7, 7, 19, 10, 18, 1, 16, 6, 7, 12, 11, 14, 6, 0, 17, 0, 7, 8, 18, 17
16, 1, 2, 12, 10, 14, 17, 13, 8, 6, 10, 8, 4, 1, 3, 8, 15, 16, 5, 7, 0, 0, 4, 1
6, 16, 2, 10, 1, 14, 7, 14, 4, 2, 17, 8, 17, 3, 0, 3, 7, 10, 11, 8, 0, 0, 15, 5
14, 13, 10, 18, 7, 6, 4, 11, 7, 1, 11, 17, 11, 15, 19, 14, 1, 12, 10, 18, 4, 15, 0, 3
0, 17, 14, 1, 2, 1, 18, 12, 13, 12, 1, 16, 11, 16, 1, 3, 14, 7, 12, 17, 1, 5, 3, 0
25
0, 0, 1, 0, 0, 0, 0, 0, 0, 1, 1, 0, 1, 1, 1, 0, 1, 0, 0, 1, 1, 0, 0, 1, 0
0, 0, 0, 0, 1, 0, 1, 1, 1, 0, 0, 1, 0, 1, 0, 0, 0, 0, 1, 1, 0, 1, 1, 1, 1
1, 0, 0, 1, 1, 0, 1, 1, 0, 0, 0, 1, 0, 1, 1, 0, 0, 0, 1, 0, 0, 0, 1, 1, 0
0, 0, 1, 0, 0, 0, 0, 1, 1, 1, 0, 1, 0, 0, 1, 0, 0, 0, 1, 0, 1, 0, 0, 1, 0
0, 1, 1, 0, 0, 1, 0, 1, 1, 1, 1, 1, 0, 0, 0, 1, 1, 0, 0, 0, 1, 0, 1, 1, 0
0, 0, 0, 0, 1, 0, 0, 0, 0, 0, 1, 1, 1, 1, 0, 0, 1, 1, 0, 1, 0, 0, 1, 1, 1
0, 1, 1, 0, 0, 0, 0, 1, 1, 1, 1, 0, 1, 1, 1, 0, 1, 0, 1, 0, 0, 1, 0, 0, 1
0, 1, 1, 1, 1, 0, 1, 0, 1, 1, 0, 1, 0, 0, 1, 0, 0, 1, 1, 0, 1, 0, 0, 1, 1
0, 1, 0, 1, 1, 0, 1, 1, 0, 0, 0, 0, 0, 0, 0, 0, 0, 1, 0, 0, 0, 0, 0, 1, 1
1, 0, 0, 1, 1, 0, 1, 1, 0, 0, 0, 1, 0, 0, 0, 1, 0, 1, 1, 0, 1, 0, 0, 1, 1
1, 0, 0, 0, 1, 1, 1, 0, 0, 0, 0, 0, 0, 1, 0, 1, 1, 1, 1, 1, 1, 1, 1, 0, 0
0, 1, 1, 1, 1, 1, 0, 1, 0, 1, 0, 0, 0, 1, 1, 0, 0, 0, 0, 1, 0, 1, 1, 0, 1
1, 0, 0, 0, 0, 1, 1, 0, 0, 0, 0, 0, 0, 0, 0, 1, 0, 0, 1, 1, 1, 0, 1, 1, 0
1, 1, 1, 0, 0, 1, 1, 0, 0, 0, 1, 1, 0, 0, 1, 0, 0, 1, 1, 0, 1, 1, 0, 1, 1
1, 0, 1, 1, 0, 0, 1, 1, 0, 0, 0, 1, 0, 1, 0, 0, 1, 1, 1, 0, 1, 1, 1, 1, 1
0, 0, 0, 0, 1, 0, 0, 0, 0, 1, 1, 0, 1, 0, 0, 0, 0, 1, 0, 1, 1, 1, 0, 1, 1
1, 0, 0, 0, 1, 1, 1, 0, 0, 0, 1, 0, 0, 0, 1, 0, 0, 1, 1, 0, 0, 0, 0, 0, 0
0, 0, 0, 0, 0, 1, 0, 1, 1, 1, 1, 0, 0, 1, 1, 1, 1, 0, 0, 0, 0, 1, 1, 1, 0
0, 1, 1, 1, 0, 0, 1, 1, 0, 1, 1, 0, 1, 1, 1, 0, 1, 0, 0, 0, 0, 1, 0, 1, 1
1, 1, 0, 0, 0, 1, 0, 0, 0, 0, 1, 1, 1, 0, 0, 1, 0, 0, 0, 0, 1, 1, 0, 1, 0
1, 0, 0, 1, 1, 0, 0, 1, 0, 1, 1, 0, 1, 1, 1, 1, 0, 0, 0, 1, 0, 1, 0, 0, 0
0, 1, 0, 0, 0, 0, 1, 0, 0, 0, 1, 1, 0, 1, 1, 1, 0, 1, 1, 1, 1, 0, 0, 1, 1
0, 1, 1, 0, 1, 1, 0, 0, 0, 0, 1, 1, 1, 0, 1, 0, 0, 1, 0, 0, 0, 0, 0, 0, 1
1, 1, 1, 1, 1, 1, 0, 1, 1, 1, 0, 0, 1, 1, 1, 1, 0, 1, 1, 1, 0, 1, 0, 0, 1
0, 1, 0, 0, 0, 1, 1, 1, 1, 1, 0, 1, 0, 1, 1, 1, 0, 0, 1, 0, 0, 1, 1, 1, 0
24
0, 8, 3, 7, 4, 6, 8, 9, 6, 2, 11, 10, 4, 7, 5, 1, 6, 8, 6, 3, 1, 9, 10, 4
8, 0, 4, 3, 4, 4, 6, 9, 6, 7, 9, 3, 5, 3, 1, 2, 2, 9, 4, 9, 8, 11, 9, 7
3, 4, 0, 10, 7, 6, 7, 9, 3, 6, 10, 8, 7, 8, 5, 5, 6, 8, 5, 1, 4, 6, 5, 4
7, 3, 10, 0, 6, 9, 9, 12, 8, 9, 8, 3, 9, 3, 2, 8, 9, 5, 3, 10, 5, 10, 3, 6
4, 4, 7, 6, 0, 8, 6, 6, 2, 5, 10, 9, 8, 8, 10, 2, 7, 3, 2, 10, 2, 8, 6, 9
6, 4, 6, 9, 8, 0, 6, 9, 4, 8, 5, 5, 10, 9, 8, 5, 8, 7, 3, 3, 10, 11, 5, 5
8, 6, 7, 9, 6, 6, 0, 7, 12, 9, 11, 4, 1, 2, 0, 4, 1, 6, 5, 9, 9, 9, 3, 4
9, 9, 9, 12, 6, 9, 7, 0, 6, 6, 6, 8, 0, 4, 3, 3, 9, 1, 6, 6, 9, 1, 10, 7
6, 6, 3, 8, 2, 4, 12, 6, 0, 9, 3, 6, 7, 7, 9, 10, 3, 8, 6, 6, 3, 12, 8, 10
2, 7, 6, 9, 5, 8, 9, 6, 9, 0, 4, 7, 3, 3, 10, 7, 9, 3, 7, 8, 7, 3, 2, 6
11, 9, 10, 8, 10, 5, 11, 6, 3, 4, 0, 2, 3, 9, 0, 3, 3, 12, 11, 10, 3, 1, 5, 4
10, 3, 8, 3, 9, 5, 4, 8, 6, 7, 2, 0, 4, 3, 12, 5, 4, 10, 6, 4, 8, 4, 5, 2
4, 5, 7, 9, 8, 10, 1, 0, 7, 3, 3, 4, 0, 9, 2, 9, 4, 2, 7, 8, 4, 8, 10, 11
7, 3, 8, 3, 8, 9, 2, 4, 7, 3, 9, 3, 9, 0, 4, 7, 3, 6, 4, 6, 7, 9, 1, 11
5, 1, 5, 2, 10, 8, 0, 3, 9, 10, 0, 12, 2, 4, 0, 4, 9, 3, 0, 7, 0, 5, 12, 3
1, 2, 5, 8, 2, 5, 4, 3, 10, 7, 3, 5, 9, 7, 4, 0, 9, 5, 5, 3, 9, 9, 3, 4
6, 2, 6, 9, 7, 8, 1, 9, 3, 9, 3, 4, 4, 3, 9, 9, 0, 2, 8, 10, 3, 11, 9, 2
8, 9, 8, 5, 3, 7, 6, 1, 8, 3, 12, 10, 2, 6, 3, 5, 2, 0, 8, 2, 6, 11, 10, 2
6, 4, 5, 3, 2, 3, 5, 6, 6, 7, 11, 6, 7, 4, 0, 5, 8, 8, 0, 9, 6, 8, 2, 2
3, 9, 1, 10, 10, 3, 9, 6, 6, 8, 10, 4, 8, 6, 7, 3, 10, 2, 9, 0, 7, 1, 3, 5
1, 8, 4, 5, 2, 10, 9, 9, 3, 7, 3, 8, 4, 7, 0, 9, 3, 6, 6, 7, 0, 8, 11, 6
9, 11, 6, 10, 8, 11, 9, 1, 12, 3, 1, 4, 8, 9, 5, 9, 11, 11, 8, 1, 8, 0, 9, 9
10, 9, 5, 3, 6, 5, 3, 10, 8, 2, 5, 5, 10, 1, 12, 3, 9, 10, 2, 3, 11, 9, 0, 11
4, 7, 4, 6, 9, 5, 4, 7, 10, 6, 4, 2, 11, 11, 3, 4, 2, 2, 2, 5, 6, 9, 11, 0
26
0, 22815, 22880, 14227, 7874, 18380, 17690, 26466, 26531, 20608, 15421, 7291, 3595, 19568, 14904, 3945, 10217, 31517, 15514, 21322, 6260, 7475, 620, 26578, 27166, 14001
22815, 0, 21956, 11411, 1219, 15435, 5015, 6523, 5159, 12301, 26063, 24734, 12959, 28992, 25501, 23861, 11278, 17297, 3089, 29671, 27923, 20848, 20200, 18504, 29313, 11703
22880, 21956, 0, 6053, 27552, 19728, 6284, 3811, 26861, 3410, 2952, 1513, 21035, 11240, 20761, 16511, 13010, 16885, 11044, 4352, 2977, 9683, 19695, 31409, 15258, 16389
14227, 11411, 6053, 0, 11327, 20049, 31310, 11373, 28093, 29937, 18266, 31679, 28830, 23814, 29490, 10550, 15747, 15805, 9501, 6278, 23710, 9358, 641, 12305, 22295, 276
7874, 1219, 27552, 11327, 0, 23393, 25437, 26542, 8988, 36, 16838, 7841, 24316, 9368, 23920, 31952, 19494, 29750, 7808, 18975, 20988, 15272, 22156, 11036, 30438, 19336
18380, 15435, 19728, 20049, 23393, 0, 10319, 14818, 9634, 30827, 6050, 9789, 23772, 23582, 21928, 8462, 31999, 15407, 7496, 5873, 10314, 14767, 13280, 32286, 26918, 11831
17690, 5015, 6284, 31310, 25437, 10319, 0, 25143, 15245, 4791, 23081, 31156, 25438, 4017, 18488, 14798, 22647, 4973, 2603, 10692, 3951, 24892, 13021, 14990, 30891, 7675
26466, 6523, 3811, 11373, 26542, 14818, 25143, 0, 12681, 17683, 21958, 24551, 29252, 14492, 32310, 28851, 26571, 3465, 22317, 30168, 25215, 20547, 702, 29485, 22702, 22641
26531, 5159, 26861, 28093, 8988, 9634, 15245, 12681, 0, 2625, 23479, 1044, 111, 2040, 9410, 30882, 28923, 5107, 3888, 6270, 21810, 30768, 6930, 2378, 2748, 28679
20608, 12301, 3410, 29937, 36, 30827, 4791, 17683, 2625, 0, 22901, 3753, 8771, 30405, 4222, 28159, 17449, 27032, 26042, 16249, 19834, 171, 687, 20558, 14623, 25489
15421, 26063, 2952, 18266, 16838, 6050, 23081, 21958, 23479, 22901, 0, 26551, 31300, 10581, 23783, 24846, 5237, 9566, 28981, 21033, 24915, 24438, 23830, 19273, 7658, 5897
7291, 24734, 1513, 31679, 7841, 9789, 31156, 24551, 1044, 3753, 26551, 0, 16025, 7505, 5733, 27427, 28134, 24532, 25556, 12584, 18725, 7539, 14124, 9157, 30619, 6758
3595, 12959, 21035, 28830, 24316, 23772, 25438, 29252, 111, 8771, 31300, 16025, 0, 21903, 32294, 26646, 26968, 10702, 22378, 3724, 17016, 3885, 21076, 9471, 20685, 14694
19568, 28992, 11240, 23814, 9368, 23582, 4017, 14492, 2040, 30405, 10581, 7505, 21903, 0, 30019, 29603, 27081, 24048, 15972, 25667, 25378, 640, 18470, 25825, 31453, 5329
14904, 25501, 20761, 29490, 23920, 21928, 18488, 32310, 9410, 4222, 23783, 5733, 32294, 30019, 0, 4590, 23965, 1452, 12193, 16653, 15832, 22393, 12540, 28143, 25752, 6723
3945, 23861, 16511, 10550, 31952, 8462, 14798, 28851, 30882, 28159, 24846, 27427, 26646, 29603, 4590, 0, 1468, 20884, 26670, 1833, 20049, 26436, 279, 13764, 16574, 22143
10217, 11278, 13010, 15747, 19494, 31999, 22647, 26571, 28923, 17449, 5237, 28134, 26968, 27081, 23965, 1468, 0, 7201, 30138, 27620, 14644, 22478, 26256, 16387, 4659, 28925
31517, 17297, 16885, 15805, 29750, 15407, 4973, 3465, 5107, 27032, 9566, 24532, 10702, 24048, 1452, 20884, 7201, 0, 16832, 126, 2019, 25287, 2828, 734, 14136, 15784
15514, 3089, 11044, 9501, 7808, 7496, 2603, 22317, 3888, 26042, 28981, 25556, 22378, 15972, 12193, 26670, 30138, 16832, 0, 6929, 24346, 13024, 31199, 14367, 29974, 701
21322, 29671, 4352, 6278, 18975, 5873, 10692, 30168, 6270, 16249, 21033, 12584, 3724, 25667, 16653, 1833, 27620, 126, 6929, 0, 18711, 12616, 27497, 14232, 11078, 12215
6260, 27923, 2977, 23710, 20988, 10314, 3951, 25215, 21810, 19834, 24915, 18725, 17016, 25378, 15832, 20049, 14644, 2019, 24346, 18711, 0, 2915, 26388, 19158, 12868, 7759
7475, 20848, 9683, 9358, 15272, 14767, 24892, 20547, 30768, 171, 24438, 7539, 3885, 640, 22393, 26436, 22478, 25287, 13024, 12616, 2915, 0, 9184, 25603, 26437, 12277
620, 20200, 19695, 641, 22156, 13280, 13021, 702, 6930, 687, 23830, 14124, 21076, 18470, 12540, 279, 26256, 2828, 31199, 27497, 26388, 9184, 0, 17969, 15236, 22694
26578, 18504, 31409, 12305, 11036, 32286, 14990, 29485, 2378, 20558, 19273, 9157, 9471, 25825, 28143, 13764, 16387, 734, 14367, 14232, 19158, 25603, 17969, 0, 23139, 6256
27166, 29313, 15258, 22295, 30438, 26918, 30891, 22702, 2748, 14623, 7658, 30619, 20685, 31453, 25752, 16574, 4659, 14136, 29974, 11078, 12868, 26437, 15236, 23139, 0, 26733
14001, 11703, 16389, 276, 19336, 11831, 7675, 22641, 28679, 25489, 5897, 6758, 14694, 5329, 6723, 22143, 28925, 15784, 701, 12215, 7759, 12277, 22694, 6256, 26733, 0
12
0, 15, 16, 15, 26, 1, 23, 21, 0, 6, 23, 7
15, 0, 8, 3, 8, 8, 11, 8, 4, 7, 20, 13
16, 8, 0, 17, 6, 24, 10, 9, 20, 8, 24, 19
15, 3, 17, 0, 17, 9, 22, 3, 25, 0, 28, 27
26, 8, 6, 17, 0, 27, 13, 27, 27, 16, 27, 27
1, 8, 24, 9, 27, 0, 17, 4, 20, 25, 15, 29
23, 11, 10, 22, 13, 17, 0, 18, 10, 27, 9, 15
21, 8, 9, 3, 27, 4, 18, 0, 15, 23, 25, 3
0, 4, 20, 25, 27, 20, 10, 15, 0, 14, 23, 3
6, 7, 8, 0, 16, 25, 27, 23, 14, 0, 12, 3
23, 20, 24, 28, 27, 15, 9, 25, 23, 12, 0, 18
7, 13, 19, 27, 27, 29, 15, 3, 3, 3, 18, 0
26
0, 23161, 15331, 7285, 2682, 30381, 7939, 28706, 11152, 1364, 19086, 24381, 8264, 6993, 32110, 29787, 13047, 23408, 2507, 18770, 9507, 5103, 3199, 12518, 17049, 21821
23161, 0, 14539, 9125, 10938, 26113, 3144, 29711, 17430, 14430, 32544, 3578, 3644, 17525, 1149, 17717, 17871, 27692, 28482, 30572, 3805, 19502, 3834, 1355, 6509, 7732
15331, 14539, 0, 6413, 26342, 29783, 4226, 12858, 24409, 601, 14004, 11329, 5035, 17766, 30650, 19424, 2297, 29761, 7458, 11009, 19920, 3659, 26517, 2866, 21210, 24986
7285, 9125, 6413, 0, 19621, 11349, 14013, 14154, 16838, 31641, 2368, 6680, 14489, 11945, 18864, 27436, 12401, 7971, 9346, 14647, 272, 31307, 13369, 3518, 17073, 6401
2682, 10938, 26342, 19621, 0, 18826, 9398, 30540, 5104, 32446, 16976, 22805, 26633, 6745, 6934, 29253, 16176, 1273, 567, 25118, 12596, 22144, 21023, 29481, 4357, 15989
30381, 26113, 29783, 11349, 18826, 0, 17227, 26307, 6689, 19368, 9564, 6615, 4688, 22293, 11882, 26349, 13201, 5643, 21658, 26980, 29268, 6030, 26099, 1531, 29673, 12537
7939, 3144, 4226, 14013, 9398, 17227, 0, 21101, 23703, 18745, 7656, 23627, 1856, 16820, 22356, 8875, 19052, 27274, 26112, 14940, 6784, 3614, 13332, 18671, 6804, 18360
28706, 29711, 12858, 14154, 30540, 26307, 21101, 0, 8712, 22033, 30838, 32633, 25284, 18200, 18930, 25237, 25350, 14555, 20305, 11196, 16387, 11207, 16160, 20441, 4433, 13871
11152, 17430, 24409, 16838, 5104, 6689, 23703, 8712, 0, 32563, 25343, 2564, 12516, 28393, 18848, 13592, 4614, 9904, 2561, 20751, 27161, 20684, 20970, 3802, 14171, 32597
1364, 14430, 601, 31641, 32446, 19368, 18745, 22033, 32563, 0, 1186, 14333, 853, 9087, 25883, 32751, 32433, 2591, 12393, 1215, 3915, 362, 15480, 17149, 1163, 3071
19086, 32544, 14004, 2368, 16976, 9564, 7656, 30838, 25343, 1186, 0, 28415, 216, 26097, 17704, 8368, 29828, 4081, 23132, 16562, 10719, 4866, 15881, 19536, 27475, 2290
24381, 3578, 11329, 6680, 22805, 6615, 23627, 32633, 2564, 14333, 28415, 0, 30609, 28403, 12798, 21628, 13458, 24141, 24848, 32540, 32619, 18136, 20597, 10530, 16124, 23679
8264, 3644, 5035, 14489, 26633, 4688, 1856, 25284, 12516, 853, 216, 30609, 0, 27317, 16390, 25517, 25498, 25112, 28411, 26033, 17952, 16653, 32198, 30860, 2328, 22988
6993, 17525, 17766, 11945, 6745, 22293, 16820, 18200, 28393, 9087, 26097, 28403, 27317, 0, 4561, 6098, 13905, 22843, 1403, 20786, 3667, 270, 18867, 28596, 5781, 19763
32110, 1149, 30650, 18864, 6934, 11882, 22356, 18930, 18848, 25883, 17704, 12798, 16390, 4561, 0, 1477, 27711, 22513, 2157, 26995, 18270, 24916, 5183, 25928, 12355, 25274
29787, 17717, 19424, 27436, 29253, 26349, 8875, 25237, 13592, 32751, 8368, 21628, 25517, 6098, 1477, 0, 26635, 15657, 7437, 29786, 2939, 10541, 14406, 24093, 4128, 30895
13047, 17871, 2297, 12401, 16176, 13201, 19052, 25350, 4614, 32433, 29828, 13458, 25498, 13905, 27711, 26635, 0, 18352, 29525, 20057, 27553, 28737, 22188, 26999, 13858, 31596
23408, 27692, 29761, 7971, 1273, 5643, 27274, 14555, 9904, 2591, 4081, 24141, 25112, 22843, 22513, 15657, 18352, 0, 14938, 24350, 25171, 418, 28828, 9710, 1127, 7705
2507, 28482, 7458, 9346, 567, 21658, 26112, 20305, 2561, 12393, 23132, 24848, 28411, 1403, 2157, 7437, 29525, 14938, 0, 24673, 8035, 29946, 4044, 12870, 24826, 1444
18770, 30572, 11009, 14647, 25118, 26980, 14940, 11196, 20751, 1215, 16562, 32540, 26033, 20786, 26995, 29786, 20057, 24350, 24673, 0, 27587, 18884, 6294, 25549, 17556, 24232
9507, 3805, 19920, 272, 12596, 29268, 6784, 16387, 27161, 3915, 10719, 32619, 17952, 3667, 18270, 2939, 27553, 25171, 8035, 27587, 0, 4129, 7619, 27434, 19140, 5238
5103, 19502, 3659, 31307, 22144, 6030, 3614, 11207, 20684, 362, 4866, 18136, 16653, 270, 24916, 10541, 28737, 418, 29946, 18884, 4129, 0, 32265, 11461, 24549, 17279
3199, 3834, 26517, 13369, 21023, 26099, 13332, 16160, 20970, 15480, 15881, 20597, 32198, 18867, 5183, 14406, 22188, 28828, 4044, 6294, 7619, 32265, 0, 12531, 12866, 23045
12518, 1355, 2866, 3518, 29481, 1531, 18671, 20441, 3802, 17149, 19536, 10530, 30860, 28596, 25928, 24093, 26999, 9710, 12870, 25549, 27434, 11461, 12531, 0, 1434, 26735
17049, 6509, 21210, 17073, 4357, 29673, 6804, 4433, 14171, 1163, 27475, 16124, 2328, 5781, 12355, 4128, 13858, 1127, 24826, 17556, 19140, 24549, 12866, 1434, 0, 25757
21821, 7732, 24986, 6401, 15989, 12537, 18360, 13871, 32597, 3071, 2290, 23679, 22988, 19763, 25274, 30895, 31596, 7705, 1444, 24232, 5238, 17279, 23045, 26735, 25757, 0
